988895,976780,972377,944710,916130,913859,906063,902857,894394,886173,849240,825675,825180,795164,738278,700788,660120,649364,610275,547959,537083,516416,504324,496793,476609,468172,462331,436931,425138,420091,415773,406596,399307,379015,327194,323376,318085,295451,287881,258032,238170,205543,204194,202758,157034,151132,127001,99986,62300,61158
679350,790213,801331,35054,337041,180836,254531,25902,766140,446581,703926,393607,639616,266820,71719,980067,490870,755267,613010,898212,426233,216985,771951,132922,18378,18125,481217,565064,803149,573195,673494,23537,408767,631414,833261,725089,109089,626683,132968,122814,511493,845020,69774,751622,165210,558763,547335,132594,107329,78612
31704,178030,751431,882634,751214,825122,67712,595527,907304,818576,703691,612047,516548,661130,551024,585166,813736,755799,276633,832619,111659,674829,505328,954679,635335,307685,666270,601582,126726,364087,997091,380717,950558,337924,837157,351742,22708,574080,135434,422042,129640,522524,48590,225429,110749,612693,611421,743768,935002,436065
724380,14219,919097,85945,121942,754012,206442,570878,560721,630222,154562,191739,197707,203747,463120,652423,16690,284689,715555,460197,204877,550629,504405,864158,581904,799753,463728,178876,539887,137586,341568,845172,465872,729060,711255,991137,286957,486938,42404,573858,603571,213081,630776,405955,857860,260848,320764,500930,121773,744888
45047,207444,383449,688869,953074,545032,660656,272173,303317,2388,876488,513374,353832,814254,195243,311285,201467,394051,435317,753656,892145,166810,251174,999082,152947,520549,7877,839465,781321,974172,659369,258358,67531,946064,485637,914783,623552,699944,244094,502649,644934,143195,146938,362597,941716,157743,88975,556179,40311,54700
719304,851466,280334,561385,275484,714741,108680,472936,580234,454662,707715,730646,238420,123290,685288,225265,866017,642657,801307,65887,132943,896021,608968,403713,508101,199747,448302,154810,857659,654734,445493,127158,466542,365590,43520,124650,628313,411242,117990,574330,680061,752440,916592,103060,246604,969622,901419,275911,502261,838855
70498,400988,458668,274082,488158,904003,643504,90668,563461,280812,47749,378226,81728,47257,888003,9994,116259,423032,555592,961502,725688,709941,105657,663064,776956,454782,777092,568609,324725,523226,328148,487646,725114,153459,422730,997643,64978,906968,908840,430871,547487,188739,593324,512780,190624,670281,36021,718205,567253,516262
961627,807245,343757,789165,118991,804375,58800,786282,805308,892388,924592,349480,816565,307022,430105,380539,285843,338607,179021,893549,727483,973861,704731,940655,617840,543940,970567,658664,12292,984132,885483,501324,23354,956071,443744,445783,466213,135117,31740,591583,615685,423555,35872,106690,812521,714516,132512,917441,607231,102039
544378,887916,235986,109451,107231,489149,485897,591245,206598,119681,425890,452889,516335,306395,54602,228524,999132,988156,648162,858254,813646,964699,478423,714732,613770,379316,616154,43026,222602,796294,733891,498232,817025,32670,179599,392085,568348,408775,104986,592793,150301,493147,101267,761612,647740,734795,620347,755169,177732,599420
440871,574292,969277,956086,576248,198137,738720,496951,315736,6632,945002,915093,539845,264785,912203,414031,57769,319160,866397,877501,477255,739814,649685,689110,36266,630282,246304,758930,900972,723653,284063,787683,666079,684596,358912,179084,181167,245155,371274,297022,370681,416420,59831,956642,415399,38667,571801,137040,519651,359341
3118,3647,9618,23740,41496,44715,64237,81231,86214,116063,137482,146299,161242,181741,202544,211737,218279,218942,230889,236985,254597,302513,306523,340967,343439,356981,375784,444557,475548,475909,501263,506403,529063,557499,571501,585817,600714,610127,636525,650749,666366,753829,829857,843131,858281,867698,908152,951731,976379,978290
257288,318830,681271,159506,488089,348823,801497,726921,203507,635577,839358,323419,662764,429975,735887,19494,141340,888978,635898,257577,96430,945661,949917,838949,716452,701423,55259,224170,20305,877419,788738,549790,809741,820224,974340,800187,72170,921010,976223,515812,881421,78037,670786,267716,450414,9001,291048,883132,752407,802797
312463,68028,46409,89509,921320,639896,717562,602962,635229,57725,74744,711892,329749,315936,135309,703849,266027,555230,970866,220164,711419,935665,888169,260830,398336,415903,575634,604925,376179,87484,358725,325180,777009,624062,876338,314574,637684,222990,815577,388354,199526,140198,823706,576595,41121,549263,353783,680481,990705,991650
994428,29694,11654,127508,784349,648841,157886,845040,118736,717577,255611,41342,117280,292126,183626,548735,742563,745125,496454,748007,532731,276246,662949,383618,543816,147789,377547,975775,984784,7482,242157,10462,72294,774936,613782,780851,832394,88748,566255,352175,932786,237978,724058,627033,142017,834757,192011,899199,680871,224019
601427,556465,771865,673686,176351,926679,725839,29672,129478,874519,950958,298376,278460,359384,586103,988971,398080,802630,735823,931094,38593,279542,789113,226665,330251,181856,55596,813890,97345,304407,564501,403516,425147,690378,103692,414087,555694,833298,970784,638533,772721,958828,372542,582416,276871,395524,952697,28446,49380,236154
628504,402356,355761,589754,772817,942010,850571,729531,791153,504607,210180,352801,312152,86105,842516,986584,535050,772508,501083,296086,759218,894405,565139,683171,758511,614155,338708,98083,457135,39396,968200,430046,313910,227016,481714,191002,928275,118537,12681,461645,644056,530824,486320,230010,345992,815323,919447,320307,219162,694515
12498,83266,86050,897217,899194,918942,433015,744231,331045,335693,173062,431876,457194,754377,499633,630883,512246,154649,495246,469160,469093,573664,49862,406704,606548,972966,299662,716570,72736,424295,646892,802354,595504,490506,290026,543453,389728,937365,273974,172859,457528,355873,108882,51714,5699,783692,810362,806908,585560,328414
21135,40239,40791,91913,107287,121561,123056,164445,180192,184614,187018,187787,204044,227725,229702,240201,241026,263278,308811,351398,380918,400151,431450,468384,484467,556488,587939,593930,594207,599762,642561,671235,700964,720137,723530,737298,743419,747501,755080,758927,775503,795603,813780,835593,881395,917427,925564,932300,954120,976289
333352,359623,227028,30577,862221,640557,590372,433107,401504,928825,886867,815398,534196,976230,878362,378302,450616,902437,713051,14177,197266,352086,56375,91758,809556,145446,533475,524706,413508,250171,891055,90515,566116,781576,174239,674512,944870,525000,257906,227906,994022,166196,272225,749379,288482,14323,818530,526436,185812,507004
384376,205783,802609,198040,35573,1210,473619,245752,288182,493005,630272,643560,44899,24670,469881,564298,617943,660695,877562,225871,154550,33446,810026,628275,231295,177692,753692,360616,989995,628080,929149,431643,950567,637861,629814,738454,555216,366424,454714,355419,573483,278734,223616,298975,729158,801473,47322,803860,297741,488746
366759,432465,967075,564436,771561,531377,954004,728823,62160,647800,226298,543808,328986,523469,691837,544138,788168,194736,385964,461234,735244,544956,13106,591780,256652,378897,680234,394943,273392,718783,297395,860147,82047,557729,914530,51538,805420,748691,213950,505825,68373,55700,484323,836911,774027,649026,664692,983743,71274,487043
466005,27081,476677,94974,152829,396379,642090,224297,299369,589724,443956,756493,721595,237814,911017,954,831245,457180,4278,229234,857654,958389,416359,886477,739803,301716,366955,425730,3692,25770,836932,121978,609066,113837,805678,540130,574733,408193,834621,554823,173161,134408,774422,949759,622710,655665,464148,660475,499845,941381
37825,666792,543822,4913,857068,389820,132826,741909,148064,203318,473206,183855,137023,330282,462419,170624,850245,963076,261462,841376,773299,919004,844066,144853,248375,523144,177549,778191,829693,696368,234251,577570,813901,418866,732599,404573,815753,838141,363343,998854,568889,295288,269172,100737,97391,454534,714889,386634,25841,538399
210480,405645,73924,394437,830908,757507,716212,749448,114118,210026,578558,543137,712695,318408,389624,675619,924833,379396,209358,851775,336679,229911,215843,460350,70854,482839,547726,586843,554864,281949,571525,326571,298328,553351,471428,537988,899390,32725,243770,56150,388378,55521,19188,172417,60722,211604,132525,878819,151324,486327
513895,974167,59037,436759,783849,633869,342599,284829,901446,456542,378301,548363,336084,317894,394884,976550,512251,585986,582593,108091,710964,381860,111002,728307,702445,605668,184200,865741,131684,390785,712090,739298,81832,497076,783009,243718,299969,909309,885595,144197,285581,567890,746730,140200,814169,726442,727619,354072,496730,904416
951494,601739,660414,782760,724134,10874,176498,676866,352330,166092,858857,413333,165620,981303,709470,535764,403081,926065,597043,769679,639632,65821,920657,587757,595272,615138,432429,534009,495855,348591,671479,689116,635467,265669,396084,289047,428147,364132,991698,45204,30648,240442,79613,156721,568134,506466,454331,354195,101143,688356
37316,568981,734855,356540,750574,983330,690635,725025,85636,284053,735023,853697,671774,915975,92794,889073,331912,11387,858400,486989,955469,457783,964041,674907,14466,258594,962839,932111,702539,940230,241995,192748,486074,263650,793525,809723,322496,909801,339132,256702,922828,125642,430922,490965,213932,541123,131172,451654,590440,497349
11993,125919,262311,509745,637181,750007,452931,119190,320831,486202,830818,518857,337316,535276,394005,481775,139840,916725,348064,344679,979757,122821,383433,107400,883976,357025,37697,951130,678218,526941,851451,337860,424532,134530,123044,169794,220364,305235,900038,488986,522144,552561,50796,187198,348874,284378,977189,315690,311369,667032
926594,492413,216814,702668,483407,721451,323489,20636,98622,663200,801984,935616,450603,23645,596880,783138,20981,267235,676866,407375,516702,300239,611418,946648,672545,120089,518626,738810,528015,681123,691460,251679,488341,388234,628693,432984,351368,697365,771909,769749,10452,275367,981456,648833,728054,51673,671917,318333,715515,280328
941535,872655,863825,819702,801531,772554,767022,737506,725811,674162,667040,666691,648780,627103,627068,606865,571602,567161,539668,532716,493878,478975,476370,475427,447475,423336,361302,360996,287233,281604,270752,264888,251621,230347,178755,170936,159079,133920,125109,122019,108585,93497,86153,80489,79637,56263,46103,41304,14721,466
435802,353962,686501,504699,537060,447449,851208,795776,542821,542233,122221,23655,194773,475870,250101,303239,396877,31169,740195,951155,269285,556357,29279,178235,51387,526000,773982,683770,218403,196392,906912,163152,797999,326522,441587,386057,151730,659337,488727,554043,420680,487936,584156,104479,425489,167419,222520,991948,58030,875549
441196,748814,105323,273964,405236,303343,5833,976613,206879,616845,254118,893165,512110,690504,41896,582588,261926,388099,251857,725660,367441,822576,105190,705113,225634,762426,604554,68211,926500,628101,411332,338954,222559,169189,949300,245747,688118,839825,336441,935222,8386,222865,212431,154077,7477,592528,651397,698140,849531,850816
127885,651530,828648,624684,938529,68638,300992,269023,572736,787822,606395,884717,272776,8053,276985,231569,426981,108417,436775,592651,499339,945228,58901,229635,914571,522674,666079,57909,689863,500274,135106,565813,632747,474060,497630,804070,609177,348300,17128,479498,726696,400694,365984,801351,274626,836357,426742,749147,916564,724537
98048,857589,940020,216919,498513,447195,333854,857467,130660,468526,86246,611150,892299,773388,374250,962559,304160,678153,250552,65249,960263,142345,23877,458827,1478,749912,776551,313160,362923,951091,366057,507713,652271,699533,816980,108921,778766,702387,225569,969617,871651,990275,171218,241935,601960,409596,157451,568730,753014,941380
789634,598444,772698,458897,237382,254472,84528,650488,26761,882489,134700,354611,360667,997792,508787,480818,975347,859636,964408,23429,6858,510640,895176,413888,463306,236750,566401,603320,677049,626863,444475,818556,545609,541095,79573,892898,460863,332831,295235,437160,573135,612047,888589,887031,440175,686056,651448,639545,170518,568694
285156,74482,886598,110098,701062,245753,705025,366617,273651,423344,459758,804030,844844,468157,78494,307112,665622,230069,863395,254749,5152,773827,924356,112158,857700,257862,666327,90416,34129,717898,541789,428394,937453,840222,245288,763293,490844,48734,149011,873399,11719,875422,56697,800280,306944,635655,287770,987545,901932,887684
694369,609411,110301,20024,461045,704713,600998,580867,440211,80609,226230,640466,335988,205151,136221,560411,264927,468966,625778,32992,94151,263751,732842,149345,485770,298838,340632,556834,761021,457034,422703,474135,538366,277037,114171,446745,596892,842116,492564,246137,569643,453395,308190,242561,881109,970940,416623,914464,808901,116989
334842,896807,671721,353062,167755,116019,924051,166296,133305,111116,372560,730254,52001,598504,820044,941575,460731,702258,189788,776228,460847,42157,586547,757749,16991,48541,809944,84746,185822,456023,551863,626063,672748,917394,881514,559401,189940,74528,650161,902810,320405,224877,132065,568356,980521,930136,559023,853401,117440,527931
202962,477312,977927,527878,314341,370056,141664,300130,533715,424001,524734,297527,359615,331410,727949,291727,877975,447463,429886,749207,236659,342296,5933,524767,283211,335418,192343,508204,374760,842009,408248,724050,616109,802982,298768,654787,685318,819311,168803,234737,965709,866037,239790,44780,918996,622472,80649,727359,506333,522514
3092,16023,16929,19528,32950,83220,88735,89332,96610,104886,139350,141686,164691,178068,241032,246915,268279,274336,283240,285816,301286,305608,360836,362309,365638,471577,492862,494910,504091,510805,536712,578712,586525,602625,613775,617757,638977,652305,655013,679674,718491,741443,808028,830604,860241,917142,950481,958937,981522,992419
284664,808844,987692,500987,209629,205934,712167,504001,674453,366770,956142,460540,460379,471172,15722,630857,333098,928235,552066,31579,104505,880350,231086,161222,577301,516897,165375,703933,433154,961695,401228,349033,778441,596902,549993,290759,371141,690951,675738,805541,518317,109239,720154,543467,255642,703671,70788,816051,698795,700788
360177,214215,391069,38095,221116,348369,62416,134340,517271,366761,462160,21875,518524,178751,830981,117858,596879,986446,137317,165949,281464,811116,419148,41277,930116,190088,444222,178836,850204,115317,430071,359117,432816,586577,749761,464636,752133,860254,390120,607188,125722,588944,426285,718008,331730,567597,929695,291669,535356,728690
479425,489711,361914,367193,138848,245093,273152,117262,536252,425917,742974,763967,443795,115980,696696,903128,899529,126948,530439,456014,881464,506262,946815,806501,537824,779648,817543,885752,825167,392073,593037,573738,689906,618445,546905,649915,203028,508304,813944,970906,523487,280606,926690,318083,134778,730522,367774,366119,483750,590047
43022,431612,491522,70371,124183,275113,403468,6313,410355,250424,98535,121781,213648,521768,287731,940086,787288,902454,997445,774083,483330,107919,355336,48483,152355,861519,974830,930318,778922,343232,168859,873436,984320,929401,814270,219006,822019,35940,935436,436431,241503,147922,978875,937673,702538,795205,310302,652887,684679,316798
681328,716405,255727,745898,285096,679461,438071,43041,548474,639723,843275,206579,992984,557551,932973,497700,337476,815038,308080,131444,512615,766287,628533,305722,410585,625994,122186,367041,2959,548293,154233,244710,925544,158965,997427,24514,751034,121483,768585,678360,948659,540987,478316,518182,964578,140203,278585,900362,947572,177410
993527,982095,970647,957001,952515,912359,911055,852270,843835,814541,814455,795669,739158,684549,678214,643030,627024,612902,547757,507621,500403,481783,476215,463305,437706,436598,398483,396549,391685,370764,368255,295465,286698,270818,252217,247060,237654,226863,178482,176344,171050,142485,133131,127550,106630,105883,104193,99429,71209,18967
341199,924493,186462,35436,343565,27832,121609,321561,577416,467933,84468,949279,746830,583492,469835,402375,687998,782823,367886,546716,602744,807561,753060,956129,972479,348487,104317,820964,306052,18766,526725,927516,747054,757265,19565,92021,94442,708234,267566,734657,974889,503531,219579,987043,746158,659716,762951,840931,207779,494685
2058,366334,348709,567185,5884,954072,171172,147422,402248,870736,95718,638086,865223,153304,574605,182543,367461,16202,318939,920529,50637,495291,979558,481599,704850,11330,212477,342701,141832,899695,806792,618634,196966,723634,956234,702773,701573,365118,815169,930335,529637,470345,195621,97597,742049,816202,634008,237842,926692,559518
84560,528461,64090,132682,180995,583516,636065,757218,348816,672187,238790,161160,47691,595943,661809,106583,76679,55859,251050,760395,184649,346450,386553,774527,194037,123452,74575,180872,468197,810426,978931,851881,830866,932657,697873,329450,980897,296712,730519,282741,36170,470165,370759,719863,87723,458357,716800,348809,548404,823712
90917,159844,639981,748013,426704,384508,578402,699148,600048,475678,889015,431258,255243,648653,811861,20823,409125,824937,941713,521111,3773,528461,88386,603562,622298,398202,839860,247039,782419,501673,464151,134527,578972,560538,595357,921738,959195,532575,615192,953221,583593,733511,763349,318941,50340,827710,788372,367940,242678,568525
385284,925575,696414,127036,757040,496944,178604,212260,383934,681519,118676,956335,488428,872620,139711,714997,742420,70248,700285,516650,479807,296938,776228,882601,49258,673662,586841,136517,970434,686462,601569,122956,241467,554355,450811,462789,486327,895208,908516,87625,627768,78632,814363,815831,424895,753627,659839,159517,523904,43529
575144,384855,636456,811999,622868,87346,82112,221143,629529,189194,209673,526505,267547,317656,146777,683530,737877,981284,917938,876277,197524,825207,218310,521470,26317,517135,33738,649697,133777,492484,857261,820368,769613,870083,468035,888227,720329,339126,110718,6583,349608,713590,441688,226047,671581,152053,793012,927456,533819,748889
145947,113797,30778,317063,702763,278323,468675,703237,99062,164686,559167,902696,108295,239799,31958,574572,156014,111264,525346,297128,83461,438601,438961,48352,378431,111123,414366,948895,525892,595208,246903,262354,221691,389832,326095,12213,939721,471628,152131,345208,746266,459356,82384,947682,314797,982552,224633,404473,810318,400268
312570,379161,684428,583185,474409,889995,450595,946020,36833,757574,193687,297031,894210,508372,908654,357558,516965,632462,760303,996911,373196,114275,9432,326565,394043,582028,660177,802495,126035,254419,849210,395607,382581,102481,619549,707636,531968,289971,999995,633469,40657,7445,245853,800779,528391,273160,687349,553960,385561,138221
879279,691734,953457,3885,648702,516470,374504,435689,197093,8082,482260,942099,629175,96557,519899,674611,152723,74514,51108,901744,721949,164846,158760,411146,81662,138366,914428,702020,10202,662524,145746,944329,56212,754640,728829,201782,217665,311713,989382,342314,821092,193795,308864,392825,324801,748991,700984,834158,891955,985582
949008,477853,357660,820363,875827,117920,648840,962204,456390,108915,806434,25939,776083,385868,506583,414098,288820,212073,380739,352625,435055,117569,494233,221593,442621,74101,58663,983083,52249,941636,825488,75751,984815,616991,636605,619265,198807,116930,292192,151658,374193,36038,236944,408785,602838,433988,562929,847450,965784,227300
480550,712414,534171,587449,718729,452354,343276,680200,281203,200995,58068,320284,607934,857029,373906,761067,468911,20026,677424,890588,852241,669483,130355,563380,699191,10231,132993,661725,585971,349853,74180,750508,355323,222368,381157,866607,260572,227321,145309,66726,400619,214578,18781,846892,96409,512460,652137,442282,387741,870542
674683,317867,13860,668272,106755,868304,82080,726732,137250,459822,125753,753227,399831,467322,406255,47040,237724,886670,123171,599551,959689,435192,662743,133064,758704,792612,136666,940075,790111,780197,241675,608328,887380,827626,904903,846904,531392,35112,270839,664723,983040,502551,332770,95200,939180,368007,914906,509456,678379,174558
770983,315355,425633,767583,280922,500765,584138,913788,599226,46836,557427,228804,137097,710713,116609,801930,944838,56985,655141,114617,901909,903315,217533,463530,619101,538053,888549,119547,610577,166299,985929,880809,603146,45746,512364,510933,815908,684764,491371,792769,665510,292579,136944,573594,630571,395036,288267,229367,943379,159297
57896,72080,102751,130240,133110,154949,171232,178510,178633,188034,188545,201289,209128,262454,363977,367821,400642,428734,433714,449124,483961,487575,487695,506988,511890,512612,537663,568840,569545,570867,608373,624694,635651,659483,677112,682278,687712,723566,788289,796990,805733,867884,873194,876372,883396,928403,981545,989035,996523,997497
645597,160025,984402,78508,356250,818405,965846,483625,793160,30068,659541,100549,348180,418280,784872,86090,934050,820525,664135,614593,882351,262337,932591,113347,743900,954260,868209,964062,163622,765452,976501,28724,717748,288577,384804,347388,973254,178047,675556,750988,57771,917259,19552,933983,712802,550394,857876,739696,143836,200461
925141,25421,978095,387655,106858,494919,293911,260725,480217,312647,995333,858944,900241,147113,771368,433397,662234,529958,501345,673678,96631,62922,246195,409741,433797,56569,900024,988512,914041,642688,167165,61014,912023,266518,776981,958135,794959,735461,751985,181800,340454,677718,104447,793202,802489,347273,552452,640863,133054,200912
718447,438691,442085,568479,801659,677828,509821,39328,900289,235967,53418,895923,272,333947,493537,39815,144390,181825,166903,375729,448916,255240,287200,546231,444476,647799,469415,242490,683692,356298,301664,55873,680182,673028,273734,980635,21870,83018,353019,229729,936087,193939,636236,983756,674778,262567,799229,57333,835218,824044
517380,237685,134921,778832,635592,226997,219043,47131,629501,703086,794362,561664,818511,2215,756001,937123,866459,323357,1402,628182,337145,155009,310583,767897,459667,833620,12579,164417,802448,757003,155007,126327,255024,796571,547022,885583,573132,879006,355515,391854,755295,540992,900198,163262,688093,499881,915323,695848,822461,928679
824073,657765,124824,175490,506253,724049,184578,125587,630723,443974,153346,268488,871081,975370,141667,802977,226430,868922,805192,789748,228634,340337,115172,444319,33283,629419,726971,152208,263661,112457,935516,683764,5329,807978,938055,387907,533515,795784,12290,851948,196297,855343,261894,628998,373678,321973,781597,154912,585925,757892
450524,903527,634152,540102,75091,161926,121928,878192,271777,546739,828758,92535,305240,527984,184631,206994,78720,778718,529363,40119,611339,126774,931308,14955,630883,249119,87081,849990,360818,19875,227241,142347,186770,599790,12464,609272,650353,937991,120555,415056,137215,346053,596720,577939,701338,199983,67832,925146,699094,627435
60045,90746,130752,159936,164258,175265,177871,182413,196582,206922,230466,234750,245492,248145,262345,294230,307357,319987,322304,351562,361337,367564,368014,373518,389582,438937,444143,444197,508449,605998,614603,619565,628576,628626,636305,645964,675117,720607,721441,764047,781464,788742,798151,822350,824078,853163,895270,922237,949465,994454
15361,476227,325303,888250,977251,479411,444278,527198,937505,210688,505622,762142,613069,451789,168279,718653,191959,210507,299366,848995,713935,155774,879440,404669,844391,973723,358796,908403,156361,849740,754011,383787,548235,614486,239773,511897,93717,831149,113094,201646,445775,246688,785338,284195,897745,581573,892065,171690,342480,590564
701491,356679,664349,691306,749472,570978,549123,228024,32203,271366,303182,614375,147419,874389,36225,182516,490689,823665,480570,554696,985482,140498,795342,749195,853975,582194,935298,34196,620186,912409,551725,751173,877787,73945,936786,943645,352067,246819,222905,647644,438801,873067,905201,127011,712365,734595,767707,169648,861274,81567
463018,800089,131354,626160,320246,409279,635103,940188,437574,354216,820377,424944,753419,538088,982321,557764,584140,345828,949576,562204,66442,580493,979082,997321,49048,722652,453383,16482,240944,917954,190160,207210,842394,587320,45781,990985,460171,449709,22985,535557,839861,49164,277379,12171,835805,585840,258259,816303,83185,965004
716323,62813,36958,498464,464174,265120,398794,619684,585079,612841,465847,306816,251269,673489,604162,647153,435126,661219,874697,122018,574958,639204,821391,742859,691572,152159,568400,127307,542752,821610,667577,968258,149742,378941,587456,119500,433219,459831,341460,698193,755764,238626,515729,187499,883698,642284,875925,511946,253177,450940
807562,453579,453814,65755,75851,578734,527604,104610,778755,53282,21814,272319,910867,338427,731509,144441,655971,779668,720758,602386,382525,528285,521084,662402,329067,67719,371601,352155,135434,856472,987280,106012,700915,244668,620188,873751,331890,873151,113029,767310,779211,222048,235208,606339,559510,839924,838674,165671,904833,55226
997322,986935,904793,886372,840439,791433,782566,761257,756033,668596,668240,648411,634695,623624,615865,565307,551526,497103,408923,384884,331329,315842,315542,305024,287613,277479,276482,274938,274114,263550,234556,220773,209921,203773,194472,190806,187783,186703,98025,93683,88739,74071,67657,59579,46216,43657,38985,18944,18727,3505
811149,637650,498583,893661,134291,165938,572085,198503,671210,747344,831064,826947,399925,440929,185771,69068,233433,174193,497676,71764,548922,5533,463083,605592,238323,809612,571519,121536,441036,909979,458403,534640,351046,984999,656032,551290,878372,781195,87781,643107,488750,782344,647455,962738,245597,3185,859071,595525,934812,503340
921902,545871,165606,50076,411455,768270,509545,597788,529096,370358,65152,897575,71392,838962,316887,602069,224778,770015,794984,688649,882002,119333,836618,888469,423842,433640,699018,79196,812949,869846,381625,276143,406206,65485,777080,939485,107823,84340,189750,804481,357472,728654,835742,337161,976069,482999,669746,219684,76385,234700
771788,977574,86495,701905,570890,975308,431138,192714,382846,527235,569380,917473,95762,797565,896547,581171,349703,496166,484220,394039,225736,116176,754130,955831,284852,604937,960150,692886,778706,911527,787116,656966,991786,812152,466053,530994,968590,778943,552428,629195,329582,428192,917412,527784,486125,260834,561652,717213,327305,990970
576917,328148,370503,747511,953039,550691,442750,829500,955866,840041,191366,497451,486569,381628,110072,491046,173395,574916,310696,577776,944101,487441,970824,457642,480560,329286,244136,775760,266645,3071,432938,827762,906305,695692,391263,782105,10789,295383,452178,888918,232355,141360,654349,196803,956306,243146,680595,756965,754053,642826
715153,158345,946982,35876,376523,507913,534177,114812,989247,647059,296687,354817,720637,477993,106775,121631,527441,763369,342725,49343,432614,657798,838039,609413,383810,531747,978489,672068,832916,356244,401252,647416,219873,31143,247465,485937,744245,560159,72849,416716,164443,902670,330600,806586,877176,665269,806607,934558,198692,535334
509075,793245,594525,504359,293006,252637,585944,480580,934512,51477,198964,848403,460792,117604,115750,896442,288649,661019,138427,806431,127767,332070,181755,72079,664507,492018,773829,799921,757844,304395,962901,333469,251089,922941,603631,37500,531399,525535,227494,881054,653634,323433,89794,665727,185934,961236,529666,360113,931466,915418
479635,21743,334116,597855,817765,214636,685460,875706,268122,663576,216184,630085,724196,125499,777166,793408,195158,103871,93791,28868,56257,83698,511610,845421,922347,422829,742281,477779,257496,899441,365816,303279,783819,186148,748456,916162,859114,197877,595077,234639,255599,343729,570856,177291,190952,202229,298991,512696,38097,34942
569575,459852,871595,855135,779325,496797,896205,476224,462660,621014,847119,78954,271702,997542,651575,356803,916107,529380,998010,225843,383169,389649,971573,418309,224506,966087,583803,18361,817666,985870,849463,144076,289342,812352,44941,531404,221430,35230,920352,733901,352006,511736,931422,16236,230358,958884,7403,790043,188527,45400
977738,617402,51380,686855,542884,390253,723078,908659,593645,283317,159843,208955,758553,473598,267265,827081,290305,421283,944967,703150,789927,714888,842244,200442,811314,97749,385387,854666,88960,313452,290700,512804,988162,834569,86815,229110,789663,372075,135701,196996,589648,302057,263856,812886,921201,791866,393482,691790,684786,459604
498011,84194,612988,858828,797175,680036,288727,944657,353889,227881,686321,947927,138515,746061,311239,760825,185672,357444,277083,20438,684564,940586,77261,565900,715856,857448,384038,840339,876480,991466,939075,110575,218295,209647,487264,85544,767352,148517,749630,628642,387597,916093,631239,779757,906150,900726,216526,229438,226881,382512
617120,720721,624808,54113,406221,593347,535942,875223,198751,830648,935476,908528,917969,521106,831849,914893,426919,604613,494970,521675,497031,137725,784010,720388,536398,82686,343458,298631,106682,801784,495728,566035,20311,21591,374403,395149,728561,20896,214294,165537,786337,191671,742800,673021,410871,924120,301628,445856,539301,974937
997306,981092,943869,928796,926148,912984,911648,894030,849359,795666,793625,784674,768392,759151,740830,709898,689988,668744,644058,616536,616281,566595,563637,551364,547523,503083,480668,462846,451710,414310,396619,352252,343344,338404,333988,324319,319574,316968,315447,300562,291879,262813,206618,195790,157496,152305,151854,97510,92089,60325
471039,507225,423721,108469,746230,59994,461623,353788,92420,239305,688118,410010,988148,358989,121532,760620,237103,23113,444718,341288,378584,930870,472045,993397,765245,21316,312683,560958,279490,589699,828976,394006,328791,746386,110759,338959,585415,734895,464795,520042,917497,177297,853070,345766,96080,273266,804530,210590,156697,343320
571876,304264,744246,877272,708393,790002,376394,425712,299329,367500,323392,255318,798172,897956,721169,678056,790255,335622,609746,359850,34411,684080,820460,716053,817998,75259,23194,709040,1422,355419,788734,977546,125351,754639,221598,247831,607149,315028,575087,403543,362612,757733,273058,424145,154919,379971,931800,641037,594786,390678
300648,406005,994110,817009,521382,318390,209984,743799,744152,615380,206774,184254,931639,194077,311020,322472,633338,4518,37236,217083,618288,229556,922273,310143,517302,750553,21708,246568,44656,887057,593811,576760,944409,294171,24944,888734,537993,203066,234834,795913,637355,898104,640972,992905,631932,438284,258454,283958,757903,151252
664929,87420,914619,354847,369845,424406,905802,94196,593041,811020,652057,421585,579798,790861,746431,891895,357758,68157,706188,498097,275714,331785,411698,229344,755102,896532,517237,798439,432052,230374,68727,855974,271238,285134,169873,185184,292280,302826,300857,954576,265310,431053,812685,94650,104360,48278,195491,260529,715571,173364
950533,644080,741777,713701,283327,107118,985835,592351,379292,721538,292172,987025,723497,822717,319288,12356,782520,109323,945591,181785,379149,155619,16685,896542,259584,941669,764384,26562,678000,652302,505963,371829,304777,47512,166797,422500,402397,164901,760311,372318,6953,979117,206267,782191,803410,913673,771709,639450,489212,777332
978475,813188,683497,780241,36994,67203,858174,774256,738170,859456,342259,757389,263455,130605,182355,984111,557806,164014,529831,731192,751016,385835,269203,883079,610014,666067,802435,21266,158009,280204,260296,628908,405953,195905,924618,354920,607605,760292,314256,21053,571558,180847,212716,200981,341893,416517,896900,752135,993722,225514
964078,639088,380671,152436,448164,751508,418450,179716,366566,190222,891966,617034,445316,671703,833001,557221,532880,284264,231312,888299,132020,818545,214063,418706,554227,290357,856828,146365,432748,75706,473986,82158,717868,285855,577113,324491,822097,624493,687103,274007,283083,989640,839004,976169,168526,509636,928181,584277,460067,535585
12216,846644,822054,351879,305009,339039,486310,11951,877905,887111,465446,758126,17189,253434,944974,942493,778177,699892,498418,229947,523126,478564,719808,135060,133579,652854,974396,621222,147275,905518,231129,573468,285605,151370,359352,445689,709661,839825,847407,278428,871238,806080,632262,585197,9713,409605,616966,313312,186577,484756
496700,199428,246427,320712,714364,360535,246563,486542,723117,887884,706918,822139,245946,544338,497842,326840,891318,404912,305356,994968,309136,425747,391799,871151,52689,478547,804355,728155,449972,345498,274794,806119,81683,533958,800806,994420,913433,540703,302623,686088,736113,372281,808230,289526,331082,711037,336244,43433,695780,105611
17639,348240,740555,960240,25799,300956,98958,898945,568966,500238,81431,288688,539955,474626,346281,319846,415085,279247,562012,62851,647608,904950,191547,346623,110452,148706,541544,137388,108969,505239,388992,335794,106392,457225,822417,555672,583068,265073,416542,499621,385082,987115,496858,4535,508714,997233,44591,694504,514242,709289
742673,448995,665927,566376,769828,570993,454573,607792,212542,622768,374891,87751,383644,386233,701970,687266,911427,300322,539443,834224,194663,29592,596557,526608,706596,526282,992141,839899,674901,62271,880543,992121,864818,227941,847938,438607,549120,821668,836967,973422,261241,886677,823493,225567,596874,891289,591334,255408,154500,194044
729146,180467,686803,486976,408194,889540,672576,868331,590599,940280,812697,560232,64674,677747,403943,57361,107325,460068,150850,669438,633027,632215,738527,3312,404741,550078,408267,919728,254182,524347,853022,895343,287169,27391,981212,522316,734379,886180,485074,85814,448629,470428,693668,774040,46878,77541,890885,95862,348484,814564
135216,507928,70792,282206,630757,86133,708972,277168,867871,315542,149081,546372,77102,718446,841658,350317,21411,91897,297717,222694,789469,584163,259834,849484,46720,703732,148081,433193,151092,625053,283904,256477,646691,831918,954587,414298,911522,222434,596774,844910,154200,288771,249601,857312,529837,880366,956292,326486,876705,361071
977660,607583,463002,678678,521761,6373,176980,979554,191032,335657,793873,921622,501553,685958,309538,765659,638651,43705,843402,657918,78873,801256,282245,256320,830452,520482,661563,997979,822672,535259,262688,857575,409141,108133,541533,404102,40781,892501,298803,327779,911430,394094,951656,379401,782257,974126,373310,841201,250770,691395
529725,231259,446008,941738,61478,932784,503607,420625,34117,835091,202696,408311,311752,874848,831208,756859,396299,574188,686976,244449,118781,286527,619061,154818,269250,881438,667085,38262,108364,26708,165912,615541,716326,58680,648824,697160,303863,671265,504446,807861,935094,299509,620948,929827,593595,125358,185657,407951,160670,91270
